919409675
493759793
473456994
240096698
415827903
1642350833
1124063563
640505134
325053382
869976168
1537886
847148334
313640136
1490473233
685448886
513899667
547616807
279850683
1466548951
1186029839
1297471889
1488430637
760367474
212460864
1213235830
1603797002
1096073540
1157751924
1572127189
476649640
669645108
832212991
1087435916
544637624
1027991953
413616510
1582681603
1675608052
477818519
557731173
1221854509
950029079
970855011
497399769
158986350
1410310831
1121223371
172724538
1333501755
809001053
497263871
499876377
1194189167
1122297268
485788253
550485470
808962352
401909938
1331344335
101083835
244079318
864953991
1454951823
813494369
1240230376
1238074185
1116879420
1381574338
35451422
1406221304
689591311
209275120
157549713
540668715
173231218
1069005850
1419173629
1485864398
933754744
848470481
1357645347
920003135
456287900
480858656
668888691
254077494
1409013772
752613192
1403019855
1410893142
1477425734
1383139898
1476431598
1463826345
1272784538
896419482
670409301
416276063
1185824391
479464264
811739496
607954817
1024694433
759537977
491812549
1341140808
987337302
571314625
965933202
1411497755
486178150
1108165223
1488099340
1436614388
1396459360
1313108748
1280552433
1228075478
1204710670
1118773926
1020220790
1003076645
963886174
897956559
839783525
834001127
775314845
773238373
759658942
721341371
713905184
680878276
649369152
503347229
480362379
475175022
432572740
393000248
368242210
359765440
310006519
239800188
71862185
29226223